
 throughput:7.247899
 throughput:7.247899
 throughput:7.247899
