
 throughput:6.608865
 throughput:6.608865
 throughput:6.608865
